{
  "houseType1": [
    [
      0.037835575049, -0.042418269543, -0.016823870457, 0.010301163408,
      0.011085587745, -4.2232671887e-5, -0.0040398302744, -0.0010653271066,
      0.0015614228623, -0.0013418874247, -0.00021011060434
    ],
    [
      -0.042418269543, 0.060062419891, 0.018700807545, -0.016450648777,
      -0.013926562239, 0.0021863130207, 0.0058180108988, -0.00055913825251,
      -0.0022607430274, 0.0017609162062, 0.00022287936471
    ],
    [
      -0.016823870457, 0.018700807545, 0.020764177415, -0.0017727922521,
      -0.013609495734, -0.0020627965573, 0.0077694680565, 0.0013534877221,
      -0.0026154448053, 0.00070076508357, 9.413735844e-5
    ],
    [
      0.010301163408, -0.016450648777, -0.0017727922521, 0.018340366414,
      0.0035499659967, -0.0080521705449, -0.0033636993104, 0.0032389359117,
      0.002128048219, 0.00023017400887, -7.8754074328e-5
    ],
    [
      0.011085587745, -0.013926562239, -0.013609495734, 0.0035499659967,
      0.023933955542, 0.0031211755442, -0.011641957422, -0.0024543122703,
      0.0046404634345, 0.00016424783723, -9.4498228827e-5
    ],
    [
      -4.2232671887e-5, 0.0021863130207, -0.0020627965573, -0.0080521705449,
      0.0031211755442, 0.016132100411, -0.00013009743668, -0.0065058094215,
      -0.0024489253339, -3.3767968206e-5, -2.3319968197e-6
    ],
    [
      -0.0040398302744, 0.0058180108988, 0.0077694680565, -0.0033636993104,
      -0.011641957422, -0.00013009743668, 0.017811428108, 0.0024916904722,
      -0.0074679226843, 2.2717670684e-5, 1.790048611e-5
    ],
    [
      -0.0010653271066, -0.00055913825251, 0.0013534877221, 0.0032389359117,
      -0.0024543122703, -0.0065058094215, 0.0024916904722, 0.012358750157,
      -0.00014600479018, -8.5114508577e-5, 1.6523371072e-6
    ],
    [
      0.0015614228623, -0.0022607430274, -0.0026154448053, 0.002128048219,
      0.0046404634345, -0.0024489253339, -0.0074679226843, -0.00014600479018,
      0.012767008137, -6.6400735921e-5, -3.1573167611e-6
    ],
    [
      -0.0013418874247, 0.0017609162062, 0.00070076508357, 0.00023017400887,
      0.00016424783723, -3.3767968206e-5, 2.2717670684e-5, -8.5114508577e-5,
      -6.6400735921e-5, 0.0003341047435, -9.1088522875e-6
    ],
    [
      -0.00021011060434, 0.00022287936471, 9.413735844e-5, -7.8754074328e-5,
      -9.4498228827e-5, -2.3319968197e-6, 1.790048611e-5, 1.6523371072e-6,
      -3.1573167611e-6, -9.1088522875e-6, 2.893006013e-6
    ]
  ],
  "houseType2": [
    [
      0.013834418982, -0.014038818213, -0.0053772238538, 0.0025123150517,
      0.0025351015229, 2.1520116148e-5, -0.00026558863415, -0.0002630227756,
      -0.00012771750502, -2.5702723531e-6, 3.3676016723e-7
    ],
    [
      -0.014038818213, 0.019512717076, 0.0056962480149, -0.00589821898,
      -0.004239563881, 0.00092314481012, 0.0014608629576, 0.00022490418433,
      7.8712428275e-5, 3.7032531624e-6, -1.3629968629e-7
    ],
    [
      -0.0053772238538, 0.0056962480149, 0.0063019868262, -0.00033213444434,
      -0.0034886823019, -0.00049006015239, 0.0010799644093, 7.3051558965e-5,
      3.2474323622e-5, 1.7076286479e-6, -6.0703940767e-8
    ],
    [
      0.0025123150517, -0.00589821898, -0.00033213444434, 0.0069613013544,
      0.001583298955, -0.0025836052871, -0.0014660654989, 0.00021540156331,
      8.5723338932e-6, -1.5982555399e-6, -7.9176106457e-8
    ],
    [
      0.0025351015229, -0.004239563881, -0.0034886823019, 0.001583298955,
      0.0066511825019, 0.00068775839979, -0.0028885846214, 0.00020531621879,
      -2.1798028489e-6, -1.9418709588e-6, -4.4766302578e-8
    ],
    [
      2.1520116148e-5, 0.00092314481012, -0.00049006015239, -0.0025836052871,
      0.00068775839979, 0.0040131250104, 0.00011811772116, -2.8718580078e-5,
      -1.5396509026e-5, -1.551395787e-7, 6.5481304775e-8
    ],
    [
      -0.00026558863415, 0.0014608629576, 0.0010799644093, -0.0014660654989,
      -0.0028885846214, 0.00011811772116, 0.0042054832648, -3.9890440484e-5,
      -2.1411397081e-5, 2.8416226134e-7, 1.0332827662e-7
    ],
    [
      -0.0002630227756, 0.00022490418433, 7.3051558965e-5, 0.00021540156331,
      0.00020531621879, -2.8718580078e-5, -3.9890440484e-5, 0.00017781314533,
      -4.5024871825e-6, -1.2338380663e-6, 5.3214731163e-8
    ],
    [
      -0.00012771750502, 7.8712428275e-5, 3.2474323622e-5, 8.5723338932e-6,
      -2.1798028489e-6, -1.5396509026e-5, -2.1411397081e-5, -4.5024871825e-6,
      3.4673141281e-6, 7.1059464041e-8, -1.4773815714e-8
    ],
    [
      -2.5702723531e-6, 3.7032531624e-6, 1.7076286479e-6, -1.5982555399e-6,
      -1.9418709588e-6, -1.551395787e-7, 2.8416226134e-7, -1.2338380663e-6,
      7.1059464041e-8, 1.5447525188e-8, -7.8550243648e-10
    ],
    [
      3.3676016723e-7, -1.3629968629e-7, -6.0703940767e-8, -7.9176106457e-8,
      -4.4766302578e-8, 6.5481304775e-8, 1.0332827662e-7, 5.3214731163e-8,
      -1.4773815714e-8, -7.8550243648e-10, 9.4971155772e-11
    ]
  ],
  "houseType3": [
    [
      0.21618339693, -0.34673785251, -0.070481364949, 0.19093267016,
      0.070633466963, -0.077399489768, -0.047030305949, -0.0045796319861
    ],
    [
      -0.34673785251, 0.60815209902, 0.10284315613, -0.35139418923,
      -0.12039011438, 0.14118425132, 0.082693151042, 0.0061893353308
    ],
    [
      -0.070481364949, 0.10284315613, 0.092225051505, -0.029967954905,
      -0.078988517869, -0.00023225409889, 0.044221341683, 0.0024188682669
    ],
    [
      0.19093267016, -0.35139418923, -0.029967954905, 0.27616271198,
      0.059841150468, -0.12189763996, -0.053226837562, 0.00064544964471
    ],
    [
      0.070633466963, -0.12039011438, -0.078988517869, 0.059841150468,
      0.1326748001, -0.0043681119981, -0.074699923613, 0.00020481999097
    ],
    [
      -0.077399489768, 0.14118425132, -0.00023225409889, -0.12189763996,
      -0.0043681119981, 0.089587357849, 0.012710563398, -0.0004848221459
    ],
    [
      -0.047030305949, 0.082693151042, 0.044221341683, -0.053226837562,
      -0.074699923613, 0.012710563398, 0.073773726401, -0.00020549025047
    ],
    [
      -0.0045796319861, 0.0061893353308, 0.0024188682669, 0.00064544964471,
      0.00020481999097, -0.0004848221459, -0.00020549025047, 0.00072030938473
    ]
  ],
  "houseType4": [
    [
      0.015012865657, -0.016550254059, -0.0064620182435, 0.0039260461148,
      0.0039192480156, -0.00045177657256, -0.0019042237257, -0.00011518495756,
      0.0011054846332, -0.00068102641228, -7.7189695315e-5, 5.5866693894e-7,
      6.2810967553e-6
    ],
    [
      -0.016550254059, 0.024060577931, 0.0073602123717, -0.0076405763478,
      -0.0062145647717, 0.0017553981199, 0.00332183965, -0.00040842824039,
      -0.0016534165187, 0.0006600758998, 6.3301398766e-5, 1.8339621326e-6,
      -1.4308224649e-5
    ],
    [
      -0.0064620182435, 0.0073602123717, 0.0080329385482, -0.0010602811305,
      -0.0055027031725, -0.00045240042938, 0.0032100361658, 0.00065383923616,
      -0.0012679965275, 0.00022622643639, 2.5581057326e-5, 8.7412083928e-7,
      -4.2768386614e-6
    ],
    [
      0.0039260461148, -0.0076405763478, -0.0010602811305, 0.0086435725817,
      0.0023912888692, -0.0039489747739, -0.0022493331417, 0.0013561638328,
      0.0011541323332, 0.00042847085726, -7.4370912162e-6, -2.1640816188e-6,
      -1.1464608305e-5
    ],
    [
      0.0039192480156, -0.0062145647717, -0.0055027031725, 0.0023912888692,
      0.0098395972998, 0.00097847848443, -0.005456484958, -0.001022476549,
      0.0020483691036, 0.00029284868979, -1.204992564e-5, -2.1137803329e-6,
      -3.988976626e-6
    ],
    [
      -0.00045177657256, 0.0017553981199, -0.00045240042938, -0.0039489747739,
      0.00097847848443, 0.0067945562525, 0.00014161190336, -0.0028998632963,
      -0.0011596945878, -4.4116399195e-5, -3.6430364887e-6, 2.9844881457e-7,
      3.5491958797e-7
    ],
    [
      -0.0019042237257, 0.00332183965, 0.0032100361658, -0.0022493331417,
      -0.005456484958, 0.00014161190336, 0.0077028238864, 0.0012144706544,
      -0.0033490326168, -0.00015589471041, -3.920355422e-6, 1.194308222e-6,
      3.5496048696e-6
    ],
    [
      -0.00011518495756, -0.00040842824039, 0.00065383923616, 0.0013561638328,
      -0.001022476549, -0.0028998632963, 0.0012144706544, 0.004764705262,
      -1.7520370256e-5, -5.3219420826e-5, -5.0669671814e-7, 2.2462400129e-7,
      -3.3831890735e-7
    ],
    [
      0.0011054846332, -0.0016534165187, -0.0012679965275, 0.0011541323332,
      0.0020483691036, -0.0011596945878, -0.0033490326168, -1.7520370256e-5,
      0.0049613114173, 2.2659492112e-5, -9.3384507789e-7, -1.129117554e-7,
      -2.5950762299e-6
    ],
    [
      -0.00068102641228, 0.0006600758998, 0.00022622643639, 0.00042847085726,
      0.00029284868979, -4.4116399195e-5, -0.00015589471041, -5.3219420826e-5,
      2.2659492112e-5, 0.00042427401169, 4.205886579e-6, -8.8398002376e-7,
      -1.7124496543e-5
    ],
    [
      -7.7189695315e-5, 6.3301398766e-5, 2.5581057326e-5, -7.4370912162e-6,
      -1.204992564e-5, -3.6430364887e-6, -3.920355422e-6, -5.0669671814e-7,
      -9.3384507789e-7, 4.205886579e-6, 1.0175559468e-6, -3.8611487945e-8,
      -3.7580326016e-8
    ],
    [
      5.5866693894e-7, 1.8339621326e-6, 8.7412083928e-7, -2.1640816188e-6,
      -2.1137803329e-6, 2.9844881457e-7, 1.194308222e-6, 2.2462400129e-7,
      -1.129117554e-7, -8.8398002376e-7, -3.8611487945e-8, 6.7437559901e-9,
      1.0826340209e-8
    ],
    [
      6.2810967553e-6, -1.4308224649e-5, -4.2768386614e-6, -1.1464608305e-5,
      -3.988976626e-6, 3.5491958797e-7, 3.5496048696e-6, -3.3831890735e-7,
      -2.5950762299e-6, -1.7124496543e-5, -3.7580326016e-8, 1.0826340209e-8,
      1.130028384e-6
    ]
  ]
}
